a=[
191.25	109.48	71.06	81.08	90.959	7.41	27.16	95.623	548.1	0.3299703264	720	174.2	9564	31.5	65.46	0.2887	27.4;
190.04	125.01	63.35	75.44	74.35	8.05	27.32	82.53	231.38	0.339454806	1326.79	980.6	38525.6	42.7	65.74	0.3063	28.1;
188.7	122.98	57.45	76.21	84.3	7.41	24.76	92.41	3.01	0.061322781	21274.88	263.8	14537.7	25.1	66.23	0.3401	22.3;
182.4	98.61	60.85	71.95	83.41	8.18	21.77	96.1	16.87	0.022028105	73613.83	23.7	2183.8	4.2	65.56	0.3617	22.6;
180.56	127.62	50.42	68.38	72.95	3.34	31.7	78.23	34.6	0.169567309	8903.7	4823.6	174190	19.9	66.22	0.4112	35.6;
176.04	107.35	86.9	81.72	86.58	12.64	41.66	84.82	349.29	0.1165661	3376.82	1094.3	46014.6	20.8	61.24	0.3211	37.4;
174.92	90.67	63.26	77.49	61.75	8	38.11	93.94	93.46	0.248596632	2385.24	218.6	14043.1	28.2	66.53	0.3575	37.9;
173.9	118.92	60.72	70.58	72.48	6.12	27.7	52.82	3.87	0.050497608	81061.93	435.2	17866.6	50.1	67.95	0.3368	22.6;
171.89	108.54	58.8	74.19	75.85	9.31	37.71	87.92	264.98	0.256717652	2261.85	555.9	29418.9	11.3	64.61	0.3804	33.2;
166.22	101.21	54.71	78.03	83.86	9.93	40.41	89.8	120.39	0.334002922	3033.97	375.6	28291.9	28.2	63.53	0.3169	33.5;
162.01	76.35	71.19	75.36	50.09	12.73	41.02	77.87	136.14	0.409326425	1250.68	162.6	2055.2	39.6	67.7	0.2639	40.1;
155.38	109.36	64.17	83.4	82.94	14.05	52.87	67.2	515.87	0.156057495	1291.33	246.9	14103.8	41.2	72.92	0.3159	38.1;
152.25	102.3	63.1	74.05	86.53	13.85	60.27	93.61	372.44	0.134259259	93.06	36.5	3042.3	21.4	61.33	0.4278	78.9;
150.45	95.89	83.77	69.61	91.4	22.2	33.94	57.99	7713.14	2.94	111.13	46.9	3078.7	15.4	73.65	0.4248	32.5;
146.58	74.42	63.77	62.08	45.2	9.77	51.12	75.8	124.23	0.356956238	1409.04	368.4	5480	31.5	70.13	0.3278	40.8;
146.13	81.07	55.47	68.01	79.06	9.88	53.11	91.38	204.78	0.242094526	3029.85	417.6	21443.4	21.8	64.5	0.3552	45.2;
137.89	99.83	24.29	62.96	48.05	3.49	62.15	95.98	43.82	0.098920122	842.78	319.8	3498.2	2.9	64.97	0.6502	72.3;
131.85	60.15	38.21	71.31	53.74	10.68	53.64	98.22	15.15	0.14356707	7045.27	112.6	5402	81	64.9	0.4357	48.2;
127.64	53.78	58.94	70.42	41.8	8.95	69.44	93.16	97.36	0.267411642	3029.39	145.9	7995.3	31.4	67.18	0.4004	80.8;
126.42	58.18	48.95	68.62	33.56	7.8	66.13	82.49	62.93	0.118981481	3343.35	314.3	12827.2	30.1	65.47	0.4807	74.3;
122.09	79.27	55.84	67.39	26.88	9.73	75.89	65.68	421.14	0.525359882	1154.82	690.6	20669	25.1	65.9	0.336	77.9;
116.05	72.98	36.95	65.64	44.73	9.62	66.52	58.11	90.45	0.029214851	19517.47	56.6	3269.3	30.3	68.75	0.4621	65.4;
112.89	37.49	55.28	65.95	39.74	13.07	60.66	68.19	137.93	0.129719585	8080.34	149.6	8885.4	36.4	66.22	0.3814	72.9;
103.32	51.11	54.8	56.77	43.89	11.44	63.26	44.7	8.76	0.073121287	30054.3	2339	18606	48.2	70.77	0.3969	79.2;
101.18	38.59	52.75	80.87	48.91	22.78	72.86	68.64	131.16	0.324133881	3350.22	95.8	3738	56	72.15	0.3937	76.2;
100.35	41.11	48.77	57.47	25.08	12.48	77.5	71.9	236.28	0.274873524	301.96	68.6	2468.8	28.9	62.34	0.2963	98.9;
100.13	41.55	29.45	52.65	51.33	16.26	59.48	94.23	23.97	0.086873811	28253.87	208.9	23461.2	50.2	68.61	0.5267	68.2;
99.43	72.28	60.56	62.88	44.56	28.2	85.89	78.81	144.58	0.112822479	2072	6.7	103601.1	47.1	72.77	0.3701	74.7;
99.11	34.02	59.87	68.22	35.99	17.84	72.55	60.63	329.99	0.1861167	4868.2	41.8	2845.8	33.5	62.24	0.4303	84.4;
95.96	30.24	50.61	50.11	25.98	18.21	67.24	70.2	78.52	0.561367167	1167.3	689.3	1318.1	49	70.42	0.2482	74;
92.43	45.6	50.6	51.22	34.56	12.45	81.21	69.54	47.56	0.108743706	1659.2	211.1	4153.4	41	70.68	0.3828	85.8;
84.42	24.67	46.28	44.42	25.69	12.68	87.64	91.98	82.43	0.02812657	21.94	75.9	2865.4	74.9	63.15	0.3075	89.8;
81.09	30.09	47.78	52.45	39.44	21.34	88.1	71.24	289.32	0.206385037	4006.29	21.4	1862	46	70.76	0.3562	70.2
];
y=a(:,17);
X=a(:,1:16);
% stepwise(X,y)
%以下部分运行完导出beta后添加到命令行执行
%平均误差13.4389%
b=[153.595;beta];
test1=a(1,1:16);%27.4
test1=[1,test1];
m1=test1*b
% 
% India=a(21,1:16);%77.9
% India=[1,India];
% m6=India*b